(base) [paco0228@login-ci5 ACE]$ tail -5 results/ace_complex_scm_20260128_120853/seed_42/run_20260128_120912_seed42/results.csv
195,6.56283363699913,0.9081304669380188,2.472282648086548,0.6500889658927917,0.19631575047969818,0.08098481595516205,1.1501765251159668,0.04272577539086342,0.0819636881351471,0.08798980712890625,0.09218940138816833,0.29351526498794556,0.0419834665954113,0.14976997673511505,0.3147170841693878
196,5.699788581579924,1.0869114398956299,2.2238340377807617,0.6746722459793091,0.04005489498376846,0.18618230521678925,0.09878205507993698,0.05718759819865227,0.13053955137729645,0.047156818211078644,0.30471915006637573,0.14324414730072021,0.1121082529425621,0.23428049683570862,0.36011558771133423
197,5.7628172263503075,0.928849458694458,2.1907403469085693,0.8515733480453491,0.04171193391084671,0.14518533647060394,0.1314828097820282,0.23091168701648712,0.07017206400632858,0.10336163640022278,0.3260557949542999,0.07091536372900009,0.17278777062892914,0.15783126652240753,0.341238409280777
198,7.540005810558796,1.1847288608551025,2.175095319747925,0.6594236493110657,0.04359943047165871,0.07389891892671585,0.28599807620048523,0.04896095022559166,0.05187314748764038,0.09027066081762314,1.2231204509735107,0.20632794499397278,0.19334734976291656,0.09833430498838425,1.2050267457962036
199,5.750389821827412,1.002535104751587,2.3981010913848877,0.6592608094215393,0.03712708503007889,0.18278546631336212,0.06055460497736931,0.059028301388025284,0.13240095973014832,0.28412339091300964,0.08353497087955475,0.18482325971126556,0.43738269805908203,0.09737163782119751,0.13136044144630432
(base) [paco0228@login-ci5 ACE]$

(base) [paco0228@login-ci5 ACE]$ tail -1 results/ace_complex_scm_20260128_120853/seed_42/run_20260128_120912_seed42/results.csv | cut -d',' -f2
5.750389821827412
(base) [paco0228@login-ci5 ACE]$